20101,1
20102,2
20201,3
20202,5
20204,6
205,7
207,8
208,9
210,10
212,11
213,12
214,13
217,14
218,15
10101,16
10102,17
10103,18
10104,19
10105,20
10106,21
10201,22
10202,23
10203,24
10204,25
10205,26
10206,27
10207,28
103,29
104,30
105,31
106,32
107,33
108,34
109,35
11001,36
11002,37
11101,38
11102,39
11103,40
11104,41
11105,42
11106,43
11107,44
11201,45
11202,46
11203,47
11204,48
11301,49
11302,50
11401,51
11402,52
11501,53
11502,54
11601,55
11602,56
11603,57
11604,58
11605,59
11701,60
11702,61
1170301,62
1170302,63
1170303,64
1170304,65
1170305,66
1170306,67
1170307,68
1170308,69
1170309,70
118,71
119,72
12001,73
12002,74
12003,75
